1.037600000000000050e-01
1.049199999999999994e-01
1.062499999999999972e-01
1.078000000000000069e-01
1.095900000000000069e-01
1.096700000000000036e-01
1.117500000000000021e-01
1.139000000000000012e-01
1.161399999999999932e-01
1.184700000000000059e-01
1.208800000000000013e-01
1.233800000000000036e-01
1.259800000000000086e-01
1.286599999999999966e-01
1.314500000000000113e-01
1.339700000000000057e-01
1.362400000000000000e-01
1.370099999999999929e-01
1.389799999999999924e-01
1.408999999999999975e-01
1.427799999999999903e-01
1.446199999999999986e-01
1.464199999999999946e-01
1.468899999999999928e-01
1.486300000000000121e-01
1.503800000000000137e-01
1.521099999999999952e-01
1.538499999999999868e-01
1.555799999999999961e-01
1.573100000000000054e-01
1.590300000000000047e-01
1.607500000000000040e-01
1.624599999999999933e-01
1.641700000000000104e-01
