8.780999999999999917e-02
8.838000000000000023e-02
8.891999999999999904e-02
8.945000000000000173e-02
8.995000000000000218e-02
9.042999999999999650e-02
9.088999999999999857e-02
9.134000000000000452e-02
9.175999999999999435e-02
9.217000000000000193e-02
9.220000000000000417e-02
9.259000000000000563e-02
9.297999999999999321e-02
9.338000000000000467e-02
9.377000000000000612e-02
9.417000000000000370e-02
9.457000000000000128e-02
9.496999999999999886e-02
9.536999999999999644e-02
9.578000000000000402e-02
9.618000000000000160e-02
9.658999999999999531e-02
9.700000000000000289e-02
9.740999999999999659e-02
9.782000000000000417e-02
9.823999999999999400e-02
9.865999999999999770e-02
9.903000000000000691e-02
9.944999999999999674e-02
9.994000000000000106e-02
1.005000000000000060e-01
1.011399999999999938e-01
1.018899999999999945e-01
1.027600000000000041e-01
1.037600000000000050e-01
