7.352300000000000502e-01
7.399999999999999911e-01
7.447700000000000431e-01
7.495500000000000496e-01
7.543299999999999450e-01
7.591200000000000170e-01
7.639099999999999779e-01
7.687100000000000044e-01
7.735100000000000309e-01
7.783200000000000118e-01
7.831299999999999928e-01
7.841900000000000537e-01
7.890099999999999891e-01
7.938800000000000301e-01
7.988100000000000200e-01
8.037999999999999590e-01
8.088400000000000034e-01
8.139499999999999513e-01
8.191100000000000048e-01
8.243399999999999617e-01
8.267299999999999649e-01
8.320400000000000018e-01
8.374399999999999622e-01
8.388799999999999590e-01
8.443899999999999739e-01
8.479999999999999760e-01
8.573199999999999710e-01
8.593899999999999872e-01
8.694100000000000161e-01
8.794100000000000250e-01
8.894100000000000339e-01
8.993900000000000228e-01
9.093700000000000117e-01
9.178800000000000292e-01
9.278399999999999981e-01
9.380399999999999849e-01
