5.960600000000000342e-01
6.001100000000000323e-01
6.041900000000000048e-01
6.082999999999999519e-01
6.124300000000000299e-01
6.165899999999999714e-01
6.207700000000000440e-01
6.246699999999999475e-01
6.289099999999999691e-01
6.331599999999999451e-01
6.374100000000000321e-01
6.416800000000000281e-01
6.459599999999999786e-01
6.502499999999999947e-01
6.545499999999999652e-01
6.588600000000000012e-01
6.631799999999999917e-01
6.675100000000000477e-01
6.718499999999999472e-01
6.762099999999999778e-01
6.805700000000000083e-01
6.849499999999999478e-01
6.893399999999999528e-01
6.907600000000000406e-01
6.951600000000000001e-01
6.996099999999999541e-01
7.040999999999999481e-01
7.086400000000000476e-01
7.132199999999999651e-01
7.178600000000000536e-01
7.225399999999999601e-01
7.257000000000000117e-01
7.304599999999999982e-01
7.352300000000000502e-01
