2.182900000000000118e-01
2.200600000000000056e-01
2.218499999999999917e-01
2.236599999999999977e-01
2.254800000000000137e-01
2.273100000000000120e-01
2.291600000000000026e-01
2.310300000000000131e-01
2.329100000000000059e-01
2.348099999999999909e-01
2.367299999999999960e-01
2.386600000000000110e-01
2.406099999999999905e-01
2.425700000000000078e-01
2.445499999999999896e-01
2.465499999999999914e-01
2.485600000000000032e-01
2.505999999999999894e-01
2.526499999999999857e-01
2.547099999999999920e-01
2.567999999999999727e-01
2.589000000000000190e-01
2.610199999999999743e-01
2.631600000000000050e-01
2.653099999999999903e-01
2.674900000000000055e-01
2.696799999999999753e-01
2.718900000000000206e-01
2.741199999999999748e-01
2.763700000000000045e-01
2.767800000000000260e-01
2.790500000000000203e-01
2.813399999999999790e-01
2.836400000000000032e-01
