1.641700000000000104e-01
1.658799999999999997e-01
1.675800000000000067e-01
1.692800000000000138e-01
1.704299999999999982e-01
1.721300000000000052e-01
1.738300000000000123e-01
1.755500000000000116e-01
1.772700000000000109e-01
1.790200000000000125e-01
1.807699999999999863e-01
1.825400000000000078e-01
1.843200000000000116e-01
1.861099999999999977e-01
1.879099999999999937e-01
1.894200000000000050e-01
1.912500000000000033e-01
1.930099999999999871e-01
1.947000000000000119e-01
1.963300000000000045e-01
1.978900000000000103e-01
1.993900000000000117e-01
2.008199999999999985e-01
2.022100000000000009e-01
2.036199999999999954e-01
2.050700000000000023e-01
2.065500000000000114e-01
2.080700000000000049e-01
2.096200000000000008e-01
2.111999999999999988e-01
2.128200000000000092e-01
2.144699999999999940e-01
2.161599999999999910e-01
2.178900000000000003e-01
2.182900000000000118e-01
