3.705399999999999805e-01
3.735800000000000232e-01
3.766200000000000103e-01
3.796800000000000175e-01
3.857999999999999763e-01
3.861600000000000033e-01
3.892300000000000204e-01
3.923200000000000021e-01
3.954300000000000037e-01
3.985400000000000054e-01
4.016700000000000270e-01
4.048200000000000132e-01
4.079800000000000093e-01
4.111500000000000155e-01
4.143399999999999861e-01
4.175499999999999767e-01
4.207699999999999774e-01
4.239999999999999880e-01
4.272500000000000187e-01
4.305100000000000038e-01
4.337900000000000089e-01
4.340200000000000169e-01
4.373099999999999765e-01
4.406399999999999761e-01
4.440000000000000058e-01
4.474000000000000199e-01
4.542900000000000271e-01
4.577899999999999747e-01
4.613300000000000178e-01
4.648999999999999799e-01
4.685000000000000275e-01
4.697200000000000264e-01
