0.000000000000000000e+00
2.299999999999999961e-03
6.700000000000000226e-03
8.800000000000000530e-03
1.085000000000000027e-02
1.282999999999999939e-02
1.474999999999999922e-02
1.661999999999999936e-02
1.844000000000000153e-02
2.019999999999999921e-02
2.190999999999999892e-02
2.356000000000000108e-02
2.459000000000000075e-02
2.616999999999999882e-02
2.775000000000000036e-02
2.932999999999999843e-02
3.090999999999999998e-02
3.248000000000000193e-02
3.406000000000000000e-02
3.663000000000000195e-02
3.886999999999999891e-02
4.034000000000000086e-02
4.189999999999999974e-02
4.347000000000000169e-02
4.503000000000000058e-02
4.660000000000000253e-02
4.816000000000000142e-02
4.972000000000000031e-02
5.127999999999999919e-02
5.283999999999999808e-02
5.439000000000000085e-02
5.594999999999999973e-02
5.650000000000000161e-02
