5.650000000000000161e-02
5.804999999999999744e-02
5.949999999999999734e-02
6.085000000000000131e-02
6.210999999999999854e-02
6.328999999999999904e-02
6.439000000000000279e-02
6.542000000000000592e-02
6.561000000000000165e-02
6.654999999999999805e-02
6.751999999999999669e-02
6.851999999999999758e-02
6.952999999999999459e-02
7.058000000000000385e-02
7.165000000000000535e-02
7.273999999999999910e-02
7.387000000000000510e-02
7.502000000000000335e-02
7.549000000000000155e-02
7.667999999999999816e-02
7.781000000000000416e-02
7.886999999999999567e-02
7.988000000000000655e-02
8.083999999999999519e-02
8.173999999999999322e-02
8.258999999999999675e-02
8.339000000000000579e-02
8.415999999999999870e-02
8.459999999999999465e-02
8.530000000000000082e-02
8.595999999999999475e-02
8.661000000000000643e-02
8.722000000000000586e-02
8.780999999999999917e-02
