9.380399999999999849e-01
9.383899999999999464e-01
9.488499999999999712e-01
9.593500000000000361e-01
9.698900000000000299e-01
9.804699999999999527e-01
9.910999999999999810e-01
1.000680000000000014e+00
1.011379999999999946e+00
1.022240000000000038e+00
1.022699999999999942e+00
1.033709999999999907e+00
1.044699999999999962e+00
1.055660000000000043e+00
1.059919999999999973e+00
1.070850000000000080e+00
1.079669999999999908e+00
1.091350000000000042e+00
1.102970000000000006e+00
1.114549999999999930e+00
1.126079999999999970e+00
1.132090000000000041e+00
1.143540000000000001e+00
1.145000000000000018e+00
1.593000000000000001e+00
1.172079999999999897e+00
1.181130000000000013e+00
1.193189999999999973e+00
1.205259999999999998e+00
1.217340000000000089e+00
1.229430000000000023e+00
1.241530000000000022e+00
1.253640000000000088e+00
1.265749999999999931e+00
1.277879999999999905e+00
1.290000000000000036e+00
