2.836400000000000032e-01
2.859499999999999820e-01
2.882799999999999807e-01
2.906299999999999994e-01
2.929899999999999727e-01
2.953600000000000114e-01
2.977500000000000147e-01
3.001599999999999824e-01
3.025800000000000156e-01
3.050100000000000033e-01
3.074600000000000111e-01
3.099299999999999833e-01
3.124100000000000210e-01
3.149000000000000132e-01
3.174199999999999799e-01
3.199500000000000122e-01
3.224899999999999989e-01
3.250500000000000056e-01
3.276299999999999768e-01
3.302200000000000135e-01
3.328300000000000147e-01
3.337499999999999911e-01
3.363800000000000123e-01
3.391399999999999970e-01
3.405799999999999939e-01
3.435500000000000220e-01
3.465199999999999947e-01
3.494999999999999774e-01
3.524800000000000155e-01
3.554700000000000082e-01
3.584700000000000109e-01
3.614800000000000235e-01
3.644899999999999807e-01
3.675200000000000133e-01
3.705399999999999805e-01
