4.697200000000000264e-01
4.733700000000000130e-01
4.770400000000000196e-01
4.807100000000000262e-01
4.843999999999999972e-01
4.880999999999999783e-01
4.918199999999999794e-01
4.955399999999999805e-01
4.992699999999999916e-01
5.030200000000000227e-01
5.067800000000000082e-01
5.105499999999999483e-01
5.143299999999999539e-01
5.181200000000000250e-01
5.219300000000000050e-01
5.257500000000000506e-01
5.295800000000000507e-01
5.320000000000000284e-01
5.358500000000000485e-01
5.397100000000000231e-01
5.435600000000000431e-01
5.474299999999999722e-01
5.513000000000000123e-01
5.551700000000000523e-01
5.590500000000000469e-01
5.629399999999999959e-01
5.668299999999999450e-01
5.707299999999999596e-01
5.722599999999999909e-01
5.761699999999999600e-01
5.800899999999999945e-01
5.840499999999999581e-01
5.880300000000000527e-01
5.920299999999999452e-01
5.960600000000000342e-01
